main.c=1532901331.513456
mymalloc.c=1532901533.1750102
mymalloc.h=1532900622.14601
maltest.exe=1532901535.2966142