main.c=1532979853.1028824
mymalloc.c=1532978902.6349044
mymalloc.h=1532978844.1118083
maltest.exe=1532979858.8909044