main.c=1533146644.5778704
mymalloc.c=1533146902.851924
mymalloc.h=1533146911.556739
maltest.exe=1533146917.71875