main.c=1533140721.1391988
mymalloc.c=1532982206.4655132
mymalloc.h=1533140767.6452699
maltest.exe=1533140771.107278